Point(1) = {0.11, 0.0232746, 0};
Point(2) = {0.1, 0.0228264, 0};
Point(3) = {0.09, 0.0223987, 0};
Point(4) = {0.08, 0.021993, 0};
Point(5) = {0.07, 0.0216112, 0};
Point(6) = {0.06, 0.0212558, 0};
Point(7) = {0.05, 0.0209303, 0};
Point(8) = {0.04, 0.0206392, 0};
Point(9) = {0.03, 0.0203889, 0};
Point(10) = {0.02, 0.0201887, 0};
Point(11) = {0.01, 0.0200521, 0};
Point(12) = {0.0, 0.02, 0};
Point(13) = {-0.01, 0.0200658, 0};
Point(14) = {-0.02, 0.0202934, 0};
Point(15) = {-0.03, 0.020727, 0};
Point(16) = {-0.04, 0.0214026, 0};
Point(17) = {-0.05, 0.02234, 0};
Point(18) = {-0.06, 0.0235383, 0};
Point(19) = {-0.07, 0.0249772, 0};
Point(20) = {-0.08, 0.026622, 0};
Point(21) = {-0.09, 0.0284305, 0};
Point(22) = {-0.1, 0.0303593, 0};
Point(23) = {-0.11, 0.032368, 0};
Point(24) = {-0.12, 0.032368, 0};
Point(25) = {-0.13, 0.0364883, 0};
Point(26) = {-0.14, 0.0385459, 0};
Point(27) = {-0.15, 0.0405748, 0};
Point(28) = {-0.16, 0.0425603, 0};
Point(29) = {-0.17, 0.0444915, 0};
Point(30) = {-0.18, 0.0463607, 0};
Point(31) = {-0.19, 0.0481625, 0};
Point(32) = {-0.2, 0.0498937, 0};
Point(33) = {-0.21, 0.0515528, 0};
Point(34) = {-0.22, 0.0531394, 0};
Point(35) = {-0.23, 0.054654, 0};
Point(36) = {-0.24, 0.0560981, 0};
Point(37) = {0.13, 0.0242283, 0};
Point(38) = {0.14, 0.0247323, 0};
Point(39) = {0.15, 0.0252536, 0};
Point(40) = {0.16, 0.0257919, 0};
Point(41) = {0.17, 0.0263468, 0};
Point(42) = {0.18, 0.0269183, 0};
Point(43) = {0.19, 0.0275062, 0};
Point(44) = {0.2, 0.0281104, 0};
Point(45) = {0.21, 0.0287309, 0};
Point(46) = {0.22, 0.0293678, 0};
Point(47) = {0.23, 0.0300211, 0};
Point(48) = {0.24, 0.0306909, 0};
Point(49) = {0.25, 0.0313773, 0};
Point(50) = {0.26, 0.0320806, 0};
Point(51) = {0.27, 0.0328008, 0};
Point(52) = {0.28, 0.0335383, 0};
Point(53) = {0.29, 0.0342931, 0};
Point(54) = {0.3, 0.0350655, 0};
Point(55) = {0.31, 0.0358559, 0};
Point(56) = {0.32, 0.0366643, 0};
Point(57) = {0.33, 0.0374912, 0};
Point(58) = {0.34, 0.0383368, 0};
Point(59) = {0.35, 0.0392015, 0};
Point(60) = {0.36, 0.0400854, 0};
Point(61) = {0.37, 0.040989, 0};
Point(62) = {0.38, 0.0419126, 0};
Point(63) = {0.39, 0.0428566, 0};
Point(64) = {0.4, 0.0438212, 0};
Point(65) = {0.41, 0.044807, 0};
Point(66) = {0.42, 0.0458142, 0};
Point(67) = {0.43, 0.0468432, 0};
Point(68) = {0.44, 0.0478946, 0};
Point(69) = {0.45, 0.0489685, 0};
Point(70) = {0.46, 0.0500656, 0};
Point(71) = {0.47, 0.0511862, 0};
Point(72) = {0.48, 0.0523308, 0};
Point(73) = {0.49, 0.0534998, 0};
Point(74) = {0.5, 0.0546937, 0};
Line(1) = {1, 2, 3, 4, 5, 6, 7, 8, 9, 10, 11, 12, 13, 14, 15, 16, 17, 18, 19, 20, 21, 22, 23, 24, 25, 26, 27, 28, 29, 30, 31, 32, 33, 34, 35, 36, 1};